Axis
[1,2,3,4,5,6,7,8,9,10,11,12,13]

Kernel
[2,2,0,0,0,0,0,0,0,0,0,0,0]
[4,2,0,0,0,0,0,0,0,0,0,0,0]
[2,4,4,2,0,0,0,0,0,0,0,0,0]
[0,2,4,4,2,0,0,0,0,0,0,0,0]
[0,0,2,4,5,4,2,0,0,0,0,0,0]
[0,0,0,2,4,5,5,2,0,0,0,0,0]
[0,0,0,0,2,4,7,9,7,4,2,0,0]
[0,0,0,0,0,0,2,4,7,9,7,4,2]
[0,0,0,0,0,0,0,2,4,7,9,7,4]
[0,0,0,0,0,0,0,0,2,4,7,9,7]
[0,0,0,0,0,0,0,0,0,2,4,7,9]
[0,0,0,0,0,0,0,0,0,0,2,4,7]
[0,0,0,0,0,0,0,0,0,0,0,2,4]

Signal
[2,5,2,5,2,5,2,5,2,5,2,5,2]

Kernel is stripped of zeros
[2,2]
[4,2]
[2,4,4,2]
[2,4,4,2]
[2,4,5,4,2]
[2,4,5,5,2]
[2,4,7,9,7,4,2]
[2,4,7,9,7,4,2]
[2,4,7,9,7,4]
[2,4,7,9,7]
[2,4,7,9]
[2,4,7]
[2,4]

Gets longes Kernel to set as the padding constant for the Signal
pad is = to 6


Flipped array
i = 0
                        [2,5,2,5,2,5,2,5,2,5,2,5,2]
[0,0,0,0,0,0,0,0,0,0,0,2,2]

i = 1
signal[1, 1 + 13]
                      [2,5,2,5,2,5,2,5,2,5,2,5,2,0,0]
[0,0,0,0,0,0,0,0,0,0,0,2,4]

non flipped array
i = 0
[2,5,2,5,2,5,2,5,2,5,2,5,2]
[2,2,0,0,0,0,0,0,0,0,0,0,0]

i = 1
signal[1, 1 + 13]
[2,5,2,5,2,5,2,5,2,5,2,5,2]
[4,2,0,0,0,0,0,0,0,0,0,0,0]

i = 2
signal[1, 1 + 13]
[2,5,2,5,2,5,2,5,2,5,2,5,2]
[2,4,4,2,0,0,0,0,0,0,0,0,0]